99999 2555 99999 99999 99999 99999 99999 99999
2555 99999 337 1743 1233 99999 99999 99999
99999 337 99999 1843 99999 99999 99999 99999
99999 1743 1843 99999 802 99999 99999 849
99999 1233 99999 802 99999 1120 1387 99999
99999 99999 99999 99999 1120 99999 1099 99999
99999 99999 99999 99999 1387 1099 99999 142
99999 99999 99999 849 99999 99999 142 99999